ENVI ASCII Plot File [Wed Aug 16 15:23:22 2023]
Column 1: X Axis
Column 2: Region #1 [Red] 6 points~~2
   377.195648   0.005646
   382.205658  -0.000001
   387.215637  -0.001196
   392.225647  -0.000570
   397.225647   0.004446
   402.235657   0.004103
   407.245636   0.010155
   412.255646   0.017415
   417.265656   0.017730
   422.275635   0.019544
   427.285645   0.023583
   432.295654   0.025936
   437.295654   0.027028
   442.305664   0.028950
   447.315643   0.029828
   452.325653   0.029942
   457.335663   0.031153
   462.345642   0.031238
   467.355652   0.030408
   472.355652   0.031513
   477.365662   0.033698
   482.375641   0.034644
   487.385651   0.035502
   492.395660   0.035255
   497.405640   0.036055
   502.415649   0.037649
   507.425659   0.038332
   512.425659   0.039798
   517.435669   0.041157
   522.445679   0.039566
   527.455627   0.041639
   532.465637   0.043374
   537.475647   0.045318
   542.485657   0.045932
   547.485657   0.046365
   552.495667   0.047453
   557.505676   0.049024
   562.515625   0.049385
   567.525635   0.049753
   572.535645   0.051733
   577.545654   0.051458
   582.555664   0.052667
   587.555664   0.053617
   592.565674   0.054457
   597.575623   0.054055
   602.585632   0.054128
   607.595642   0.055149
   612.605652   0.055184
   617.615662   0.055640
   622.615662   0.055446
   627.625671   0.055348
   632.635620   0.055889
   637.645630   0.055854
   642.655640   0.056915
   647.665649   0.057456
   652.675659   0.056356
   657.685669   0.055715
   662.685669   0.055100
   667.695679   0.053407
   672.705627   0.052160
   677.715637   0.052739
   682.725647   0.052505
   687.735657   0.055541
   692.745667   0.060977
   697.745667   0.065572
   702.755676   0.069797
   707.765625   0.073345
   712.775635   0.075938
   717.785645   0.078621
   722.795654   0.081453
   727.805664   0.084128
   732.815674   0.085921
   737.815674   0.087278
   742.825623   0.087970
   747.835632   0.089291
   752.845642   0.090307
   757.855652   0.090281
   762.865662   0.087767
   767.875671   0.094957
   772.875671   0.095559
   777.885620   0.096695
   782.895630   0.097546
   787.905640   0.099009
   792.915649   0.099241
   797.925659   0.099817
   802.935669   0.100788
   807.945679   0.100872
   812.945679   0.102030
   817.955627   0.102613
   822.965637   0.103559
   827.975647   0.103888
   832.985657   0.105099
   837.995667   0.106434
   843.005676   0.107137
   848.005676   0.106925
   853.015625   0.107922
   858.025635   0.108579
   863.035645   0.108660
   868.045654   0.109766
   873.055664   0.110834
   878.065674   0.111391
   883.075623   0.112313
   888.075623   0.112505
   893.085632   0.113091
   898.095642   0.113693
   903.105652   0.114596
   908.115662   0.115039
   913.125671   0.115665
   918.135620   0.116610
   923.145630   0.116730
   928.145630   0.117882
   933.155640   0.117349
   938.165649   0.117460
   943.175659   0.120260
   948.185669   0.120070
   953.195679   0.120364
   958.205627   0.120826
   963.205627   0.122199
   968.215637   0.121833
   973.225647   0.122625
   978.235657   0.122470
   983.245667   0.123651
   988.255676   0.123641
   993.265625   0.123894
   998.275635   0.123928
  1003.275635   0.124621
  1008.285645   0.125839
  1013.295654   0.126040
  1018.305664   0.126242
  1023.315674   0.127077
  1028.325684   0.127555
  1033.335693   0.127716
  1038.335693   0.128726
  1043.345703   0.129167
  1048.355591   0.129186
  1053.365601   0.129441
  1058.375610   0.130299
  1063.385620   0.130371
  1068.395630   0.130391
  1073.405640   0.131316
  1078.405640   0.131862
  1083.415649   0.132096
  1088.425659   0.132495
  1093.435669   0.132833
  1098.445679   0.133868
  1103.455688   0.133850
  1108.465698   0.133801
  1113.465698   0.133948
  1118.475708   0.131661
  1123.485596   0.132119
  1128.495605   0.131404
  1133.505615   0.132169
  1138.515625   0.131952
  1143.525635   0.131432
  1148.535645   0.129186
  1153.535645   0.130437
  1158.545654   0.130324
  1163.555664   0.129663
  1168.565674   0.129131
  1173.575684   0.128709
  1178.585693   0.128645
  1183.595703   0.128048
  1188.595703   0.128360
  1193.605591   0.128440
  1198.615601   0.128897
  1203.625610   0.129416
  1208.635620   0.129455
  1213.645630   0.131144
  1218.655640   0.130878
  1223.665649   0.131983
  1228.665649   0.132632
  1233.675659   0.133284
  1238.685669   0.134716
  1243.695679   0.134514
  1248.705688   0.135270
  1253.715698   0.135683
  1258.725708   0.135497
  1263.725708   0.134510
  1268.735596   0.136454
  1273.745605   0.138896
  1278.755615   0.138711
  1283.765625   0.138968
  1288.775635   0.140335
  1293.785645   0.141442
  1298.795654   0.142176
  1303.795654   0.141202
  1308.805664   0.139971
  1313.815674   0.139382
  1318.825684   0.138365
  1323.835693   0.138564
  1328.845703   0.134615
  1333.855591   0.134424
  1338.855591   0.136335
  1343.865601   0.132455
  1348.875610   0.128442
  1353.885620   0.100589
  1358.895630   0.080298
  1363.905640   0.136690
  1368.915649   0.297970
  1373.925659   0.217015
  1378.925659   0.202293
  1383.935669   0.565343
  1388.945679   0.193969
  1393.955688   0.181452
  1398.965698   0.159543
  1403.975708   0.132597
  1408.985596   0.111754
  1413.985596   0.105519
  1418.995605   0.097157
  1424.005615   0.095310
  1429.015625   0.095312
  1434.025635   0.092500
  1439.035645   0.093921
  1444.045654   0.092809
  1449.055664   0.093545
  1454.055664   0.092214
  1459.065674   0.090650
  1464.075684   0.087947
  1469.085693   0.085141
  1474.095703   0.089144
  1479.105591   0.089539
  1484.115601   0.092858
  1489.115601   0.095296
  1494.125610   0.097009
  1499.135620   0.096934
  1504.145630   0.096445
  1509.155640   0.099951
  1514.165649   0.101246
  1519.175659   0.102854
  1524.185669   0.103302
  1529.185669   0.104146
  1534.195679   0.106608
  1539.205688   0.105250
  1544.215698   0.109141
  1549.225708   0.108034
  1554.235596   0.109711
  1559.245605   0.108943
  1564.245605   0.108650
  1569.255615   0.111114
  1574.265625   0.107081
  1579.275635   0.108376
  1584.285645   0.111820
  1589.295654   0.112284
  1594.305664   0.112102
  1599.315674   0.112833
  1604.315674   0.114984
  1609.325684   0.118582
  1614.335693   0.118424
  1619.345703   0.116103
  1624.355591   0.118969
  1629.365601   0.120281
  1634.375610   0.119683
  1639.375610   0.120280
  1644.385620   0.120739
  1649.395630   0.119854
  1654.405640   0.120825
  1659.415649   0.122918
  1664.425659   0.122125
  1669.435669   0.122445
  1674.445679   0.123372
  1679.445679   0.124484
  1684.455688   0.122619
  1689.465698   0.122131
  1694.475708   0.121656
  1699.485596   0.121201
  1704.495605   0.120928
  1709.505615   0.119741
  1714.505615   0.119634
  1719.515625   0.118713
  1724.525635   0.118329
  1729.535645   0.117139
  1734.545654   0.119156
  1739.555664   0.119621
  1744.565674   0.118586
  1749.575684   0.118324
  1754.575684   0.116345
  1759.585693   0.116837
  1764.595703   0.115729
  1769.605591   0.116660
  1774.615601   0.115628
  1779.625610   0.116246
  1784.635620   0.118270
  1789.635620   0.118271
  1794.645630   0.120640
  1799.655640   0.114469
  1804.665649   0.110828
  1809.675659   0.111642
  1814.685669   0.109368
  1819.695679   0.112698
  1824.705688   0.108280
  1829.705688   0.154717
  1834.715698   0.671971
  1839.725708   0.749078
  1844.735596   0.521588
  1849.745605   0.782824
  1854.755615   0.759529
  1859.765625   0.739770
  1864.775635   0.492122
  1869.775635   0.756356
  1874.785645   0.765248
  1879.795654   0.270990
  1884.805664   0.229246
  1889.815674   0.247964
  1894.825684   0.236726
  1899.835693   0.452697
  1904.835693   0.755067
  1909.845703   0.472689
  1914.855591   0.197578
  1919.865601   0.093343
  1924.875610   0.085061
  1929.885620   0.081934
  1934.895630   0.079517
  1939.905640   0.079875
  1944.905640   0.077809
  1949.915649   0.076273
  1954.925659   0.075021
  1959.935669   0.078484
  1964.945679   0.079627
  1969.955688   0.079036
  1974.965698   0.069567
  1979.965698   0.071429
  1984.975708   0.071480
  1989.985596   0.072285
  1994.995605   0.070056
  2000.005615   0.063091
  2005.015625   0.059827
  2010.025635   0.064806
  2015.035645   0.067339
  2020.035645   0.078372
  2025.045654   0.080807
  2030.055664   0.081834
  2035.065674   0.081016
  2040.075684   0.080947
  2045.085693   0.080279
  2050.095703   0.077629
  2055.095703   0.077398
  2060.105713   0.078187
  2065.115723   0.076647
  2070.125732   0.080727
  2075.135742   0.083333
  2080.145752   0.082886
  2085.155762   0.083351
  2090.165771   0.083499
  2095.165771   0.083283
  2100.175537   0.084415
  2105.185547   0.083297
  2110.195557   0.083274
  2115.205566   0.084424
  2120.215576   0.085003
  2125.225586   0.086037
  2130.225586   0.086496
  2135.235596   0.087101
  2140.245605   0.087519
  2145.255615   0.086687
  2150.265625   0.087395
  2155.275635   0.088271
  2160.285645   0.087726
  2165.295654   0.088580
  2170.295654   0.088766
  2175.305664   0.089432
  2180.315674   0.088638
  2185.325684   0.088970
  2190.335693   0.090065
  2195.345703   0.090032
  2200.355713   0.088787
  2205.355713   0.089359
  2210.365723   0.090342
  2215.375732   0.091494
  2220.385742   0.090510
  2225.395752   0.089848
  2230.405762   0.090591
  2235.415771   0.088585
  2240.425537   0.087377
  2245.425537   0.085767
  2250.435547   0.084411
  2255.445557   0.082810
  2260.455566   0.081417
  2265.465576   0.079881
  2270.475586   0.079872
  2275.485596   0.079693
  2280.485596   0.077141
  2285.495605   0.077450
  2290.505615   0.076498
  2295.515625   0.075494
  2300.525635   0.072929
  2305.535645   0.072970
  2310.545654   0.073767
  2315.555664   0.071910
  2320.555664   0.073217
  2325.565674   0.074106
  2330.575684   0.072111
  2335.585693   0.071500
  2340.595703   0.070559
  2345.605713   0.069103
  2350.615723   0.068532
  2355.615723   0.070448
  2360.625732   0.071175
  2365.635742   0.069131
  2370.645752   0.068852
  2375.655762   0.069424
  2380.665771   0.069764
  2385.675537   0.068011
  2390.685547   0.069180
  2395.685547   0.067223
  2400.695557   0.067705
  2405.705566   0.068013
  2410.715576   0.065827
  2415.725586   0.064409
  2420.735596   0.065338
  2425.745605   0.062835
  2430.745605   0.062039
  2435.755615   0.062548
  2440.765625   0.058771
  2445.775635   0.058311
  2450.785645   0.059539
  2455.795654   0.058708
  2460.805664   0.056379
  2465.815674   0.055966
  2470.815674   0.057001
  2475.825684   0.057665
  2480.835693   0.053694
  2485.845703   0.055916
  2490.855713   0.063209
  2495.865723   0.073547
  2500.875732   0.064104
